#kPoint sampling:
kpoint -0.1464432004906117 0.0205810696817874 0.0 0.01
kpoint 0.0410092850864897 -0.4026044057728061 0.0 0.01
kpoint -0.0477615072501802 -0.1220885571570512 0.0 0.01
kpoint 0.1284895887120836 0.3469757594369423 0.0 0.01
kpoint -0.3409325831541149 -0.4890851298769886 0.0 0.01
kpoint 0.4374121098901486 0.2597541162561947 0.0 0.01
kpoint 0.0078332999955375 -0.4942602079065218 0.0 0.01
kpoint -0.2821478655587443 -0.059538153636117 0.0 0.01
kpoint -0.3917909268506845 -0.0498623651759987 0.0 0.01
kpoint -0.3762355496714838 0.4641024888949923 0.0 0.01
kpoint -0.1884229036889243 -0.3238772238904822 0.0 0.01
kpoint 0.3090474062640669 0.1826444233448382 0.0 0.01
kpoint 0.24340365814597 0.1206355138226635 0.0 0.01
kpoint 0.2756378335096152 -0.4099140213563721 0.0 0.01
kpoint 0.4155984941299805 0.4153087919408308 0.0 0.01
kpoint -0.0830730575575077 0.1319878436827461 0.0 0.01
kpoint 0.21901423509074 0.4640517232974701 0.0 0.01
kpoint 0.090752897505786 0.395487427009927 0.0 0.01
kpoint 0.068175454268749 0.1660455304438849 0.0 0.01
kpoint 0.1160346293555415 -0.1508053081909511 0.0 0.01
kpoint 0.0542608970101196 -0.4103214368626953 0.0 0.01
kpoint -0.0900534023453129 0.0495732200130721 0.0 0.01
kpoint 0.279588538221029 -0.3162471179467675 0.0 0.01
kpoint -0.4856768600750756 0.3619708126672349 0.0 0.01
kpoint 0.4625361986991297 0.3477204549853022 0.0 0.01
kpoint 0.1285030230621019 -0.2870540379197875 0.0 0.01
kpoint 0.2719753308322728 -0.3480236306029733 0.0 0.01
kpoint 0.3691372353229544 -0.2022301771593928 0.0 0.01
kpoint 0.3277747050838064 0.3884211512193031 0.0 0.01
kpoint 0.1806133774897439 -0.0153693468105919 0.0 0.01
kpoint -0.3647902439457041 -0.0357409843584292 0.0 0.01
kpoint -0.1675701935245265 -0.3407806898285705 0.0 0.01
kpoint -0.0021945106763458 -0.2455434647815846 0.0 0.01
kpoint 0.235220733832705 -0.3776609579039273 0.0 0.01
kpoint 0.4077233095012647 -0.2164505366398584 0.0 0.01
kpoint -0.4170114682117605 -0.4562638940163039 0.0 0.01
kpoint -0.062940582531395 0.2642685737960236 0.0 0.01
kpoint 0.3015696476287879 -0.447029294180029 0.0 0.01
kpoint 0.385602316358741 0.4435071534106372 0.0 0.01
kpoint 0.4455851154628323 -0.2357806755268663 0.0 0.01
kpoint 0.0675906068567346 0.240550996987419 0.0 0.01
kpoint 0.4525640496470802 -0.4599299495404637 0.0 0.01
kpoint -0.134292379081795 -0.2363674648714758 0.0 0.01
kpoint -0.3354836397087028 -0.068603852011223 0.0 0.01
kpoint -0.4499388135879023 -0.2226643945596026 0.0 0.01
kpoint -0.083847260369993 -0.0818036146157439 0.0 0.01
kpoint 0.4065217881221603 -0.4139908708883326 0.0 0.01
kpoint -0.1881396876548472 0.4710839915737755 0.0 0.01
kpoint -0.3657260754098787 0.2930849424105091 0.0 0.01
kpoint -0.2027692525623176 0.312313387884565 0.0 0.01
kpoint -0.3357228481356551 0.0444004039171046 0.0 0.01
kpoint -0.1386474944713132 -0.4824956948775789 0.0 0.01
kpoint -0.4582024179765398 -0.2118053520479021 0.0 0.01
kpoint 0.1626510119544369 -0.114943602050782 0.0 0.01
kpoint -0.3305365308570791 -0.4255234543523372 0.0 0.01
kpoint 0.1804518893292467 -0.2662411224683389 0.0 0.01
kpoint 0.4875433624930076 -0.1060799545446548 0.0 0.01
kpoint -0.0238105763226368 -0.2107153224351206 0.0 0.01
kpoint 0.1695455176954497 0.3030094183527566 0.0 0.01
kpoint -0.4576444358070301 -0.1838553664273579 0.0 0.01
kpoint 0.3030432229827426 -0.3769652533649883 0.0 0.01
kpoint -0.1793096693247143 -0.0723157197362898 0.0 0.01
kpoint -0.3618602964672888 0.0571226699037001 0.0 0.01
kpoint 0.4915635722103129 0.1855422913796069 0.0 0.01
kpoint 0.2613358976620483 -0.1537550957994958 0.0 0.01
kpoint -0.4126266066495576 -0.3884440877894018 0.0 0.01
kpoint 0.4021120850647172 0.3603304690851059 0.0 0.01
kpoint 0.0472198791661904 0.0967392659633368 0.0 0.01
kpoint -0.3543013246752021 0.1329608808408882 0.0 0.01
kpoint 0.3054874395406746 0.4786639606031982 0.0 0.01
kpoint 0.062080509795174 -0.0168211130482275 0.0 0.01
kpoint -0.4726034887449168 -0.3455401799621071 0.0 0.01
kpoint 0.2085084767592809 0.1496203253882579 0.0 0.01
kpoint -0.1178826913876412 0.0366550056264421 0.0 0.01
kpoint 0.4042608548638451 0.3919357326501957 0.0 0.01
kpoint 0.0689476165646157 0.1340891762421184 0.0 0.01
kpoint 0.3038872076966469 -0.3775658363328002 0.0 0.01
kpoint -0.3386470454644208 -0.2657250793443391 0.0 0.01
kpoint -0.218938074288502 0.1591375390138267 0.0 0.01
kpoint 0.0836739117681058 0.3425029216193761 0.0 0.01
kpoint -0.2131038418746135 -0.4314257343125816 0.0 0.01
kpoint -0.3499048425495073 -0.1916822505350674 0.0 0.01
kpoint 0.1199123336846103 -0.4505225547385472 0.0 0.01
kpoint -0.2287970882556374 0.2155128332286224 0.0 0.01
kpoint -0.4406356462280151 0.3279191711303407 0.0 0.01
kpoint -0.3982758372433109 0.4622775035543967 0.0 0.01
kpoint -0.4548654076485543 -0.3328866604301027 0.0 0.01
kpoint -0.1504732294665845 0.3290870195414083 0.0 0.01
kpoint -0.0264983734228794 0.1513579097981562 0.0 0.01
kpoint -0.0470627676018525 0.3171460511157336 0.0 0.01
kpoint -0.3017653396785499 0.3368899468357331 0.0 0.01
kpoint 0.2859605053590156 0.0764369773365369 0.0 0.01
kpoint -0.168223556139505 0.0395545115436268 0.0 0.01
kpoint 0.2574174670352057 -0.0479557241322767 0.0 0.01
kpoint 0.0454758837190583 -0.1551038237506335 0.0 0.01
kpoint -0.2891160661919856 0.0559664713735457 0.0 0.01
kpoint -0.265763588844857 0.1191593444055603 0.0 0.01
kpoint -0.4911881901884319 -0.4243400663034461 0.0 0.01
kpoint 0.4285071437623397 -0.264181465924195 0.0 0.01
kpoint -0.4105393794289472 -0.3901804441969268 0.0 0.01